0.43806820000000002
0.21590909999999999
0.86363639999999997
0.46875000000000000
0.26704539999999999
0.73011369999999998
0.45000000000000001
0.13522729999999999
0.22159090000000001
0.28977269999999999
0.13636360000000000
0.19318179999999999
0.75000000000000000
0.22159090000000001
0.48863640000000003
0.51420460000000001
0.47727269999999999
0.46022730000000001
0.17613640000000000
0.51704550000000005
0.13068179999999999
0.98863630000000002
0.51136360000000003
0.43750000000000000
0.27840910000000002
0.46590910000000002
0.50284090000000004
0.26136359999999997
0.12500000000000000
0.14772730000000001
0.81250000000000000
0.48295450000000001
0.36931819999999999
0.69318179999999996
0.78693179999999996
0.41193180000000001
0.54261360000000003
0.47159089999999998
0.87500000000000000
0.55681820000000004
0.84375000000000000
0.58806820000000004
0.51136360000000003
0.58522730000000001
0.80397730000000001
0.26420460000000001
0.61647730000000001
0.07954540000000000
0.40909089999999998
0.44886369999999998
0.96022730000000001
0.14772730000000001
0.46022730000000001
0.61931820000000004
0.65056820000000004
0.17613640000000000
0.24431820000000001
0.18181820000000001
0.83522730000000001
0.49147730000000001
0.40340910000000002
0.51136360000000003
0.60681819999999997
0.50568179999999996
0.63068179999999996
0.77272730000000001
0.47159089999999998
0.50852269999999999
0.42045460000000001
0.70170460000000001
0.48011359999999997
0.46022730000000001
0.76420460000000001
0.26136359999999997
0.46420450000000002
0.54545460000000001
0.42897730000000001
0.11931820000000000
0.25000000000000000
0.22727269999999999
