0.49572650000000001
0.77492879999999997
0.70085470000000005
0.41139599999999998
0.57663819999999999
0.50712250000000003
0.39316240000000002
0.52592589999999995
0.69515669999999996
0.67806270000000002
0.33048430000000001
0.76353280000000001
0.46438740000000001
0.59259260000000002
0.42735040000000002
0.47008549999999999
0.40170939999999999
0.37606840000000002
0.62108260000000004
0.50712250000000003
0.54131050000000003
0.69515669999999996
0.33048430000000001
0.41595440000000000
0.60968659999999997
0.39886040000000000
0.45014240000000000
0.57549859999999997
0.53561250000000005
0.54131050000000003
0.50997150000000002
0.41139599999999998
0.31623930000000000
0.54700859999999996
0.62108260000000004
0.36467240000000001
0.47578350000000003
0.43589739999999999
0.45868949999999997
0.48148150000000001
0.46153850000000002
0.48717949999999999
0.36467240000000001
0.68376070000000000
0.58689460000000004
0.56695160000000000
0.69629629999999998
0.50142450000000005
0.47293449999999998
0.38461540000000000
0.80911679999999997
0.55270649999999999
0.34188039999999997
0.52136749999999998
0.49572650000000001
0.57549859999999997
0.71794870000000000
0.66666660000000000
0.54985759999999995
0.38746439999999999
0.44444440000000002
0.41595440000000000
0.70370370000000004
0.42735040000000002
0.63418810000000003
0.59259260000000002
0.42165239999999998
0.71794870000000000
0.43874639999999998
0.57264959999999998
0.35327629999999999
0.41880339999999999
0.54131050000000003
0.58689460000000004
0.47179480000000001
0.44444440000000002
0.37321939999999998
0.41595440000000000
0.75783480000000003
0.59259260000000002
